0
0.6703296899795532
0.7802197933197021
0.8846153616905212
0.9102563858032227
0.9395604133605957
0.9505494236946106
0.9560439586639404
0.9615384340286255
0.9615384340286255
0.9633699655532837
0.9652014374732971
0.9670329689979553
0.9670329689979553
0.9688644409179688
0.9688644409179688
0.9688644409179688
0.9688644409179688
0.9688644409179688
0.9688644409179688
0.9688644409179688
0.9688644409179688
0.9688644409179688
0.9688644409179688
0.9688644409179688
0.9688644409179688
0.9688644409179688
0.9688644409179688
0.9688644409179688
0.970695972442627
0.9725274443626404
0.9725274443626404
0.9743589758872986
0.9743589758872986
0.9743589758872986
0.9743589758872986
0.9743589758872986
0.976190447807312
0.976190447807312
0.976190447807312
0.976190447807312
0.976190447807312
0.9743589758872986
0.976190447807312
0.976190447807312
0.976190447807312
0.976190447807312
0.976190447807312
0.976190447807312
0.976190447807312
0.976190447807312
0.9743589758872986
0.9743589758872986
0.9743589758872986
0.9743589758872986
0.9743589758872986
0.976190447807312
0.976190447807312
0.976190447807312
0.976190447807312
0.976190447807312
0.976190447807312
0.976190447807312
0.976190447807312
0.976190447807312
0.976190447807312
0.976190447807312
0.976190447807312
0.976190447807312
0.976190447807312
0.976190447807312
0.976190447807312
0.976190447807312
0.976190447807312
0.9780219793319702
0.9780219793319702
0.9780219793319702
0.9780219793319702
0.9780219793319702
0.9780219793319702
0.9780219793319702
0.9780219793319702
0.9780219793319702
0.9780219793319702
0.9780219793319702
0.9780219793319702
0.9780219793319702
0.9780219793319702
0.9780219793319702
0.9780219793319702
0.9780219793319702
0.9780219793319702
0.9780219793319702
0.9780219793319702
0.9780219793319702
0.976190447807312
0.9780219793319702
0.9780219793319702
0.9780219793319702
0.976190447807312
0.976190447807312
0.976190447807312
0.976190447807312
0.976190447807312
0.976190447807312
0.976190447807312
0.976190447807312
0.976190447807312
0.976190447807312
0.976190447807312
0.976190447807312
0.976190447807312
0.9780219793319702
0.9780219793319702
0.9780219793319702
0.9780219793319702
0.9780219793319702
0.9780219793319702
0.9780219793319702
0.9780219793319702
0.9780219793319702
0.9780219793319702
0.9780219793319702
0.9780219793319702
0.9780219793319702
0.9780219793319702
0.9780219793319702
0.9780219793319702
0.9780219793319702
0.9780219793319702
0.9780219793319702
0.9780219793319702
0.9780219793319702
0.9780219793319702
0.9780219793319702
0.9780219793319702
0.9798534512519836
0.9798534512519836
0.9798534512519836
0.9798534512519836
0.9816849827766418
0.9816849827766418
0.9798534512519836
0.9798534512519836
0.9798534512519836
0.9798534512519836
0.9798534512519836
0.9798534512519836
0.9816849827766418
0.9816849827766418
0.9798534512519836
0.9816849827766418
0.9816849827766418
0.9816849827766418
0.9816849827766418
0.9816849827766418
0.9816849827766418
0.9816849827766418
0.9816849827766418
0.9816849827766418
0.9816849827766418
0.9816849827766418
0.9816849827766418
0.9816849827766418
0.9816849827766418
0.9816849827766418
0.9816849827766418
0.9816849827766418
0.9816849827766418
0.9816849827766418
0.9816849827766418
0.9816849827766418
0.9816849827766418
0.9816849827766418
0.9816849827766418
0.9816849827766418
0.9816849827766418
0.9816849827766418
0.9816849827766418
0.9816849827766418
0.9816849827766418
0.9816849827766418
0.9816849827766418
0.9835164546966553
0.9835164546966553
0.9835164546966553
0.9835164546966553
0.9835164546966553
0.9835164546966553
0.9853479862213135
0.9853479862213135
0.9853479862213135
0.9853479862213135
0.9853479862213135
0.9853479862213135
0.9853479862213135
0.9853479862213135
0.9853479862213135
0.9853479862213135
0.9853479862213135
0.9853479862213135
