0
0.8052083253860474
0.8088333606719971
0.8106250166893005
0.8111249804496765
0.812416672706604
0.8139583468437195
0.8160833120346069
0.8172500133514404
0.8174166679382324
0.8184583187103271
0.8181666731834412
0.8183333277702332
0.8184166550636292
0.8184999823570251
0.8187083601951599
0.8187500238418579
0.8185416460037231
0.8184583187103271
0.8187083601951599
0.8187083601951599
0.8184166550636292
0.8187083601951599
0.8185416460037231
0.8189583420753479
0.8189166784286499
0.8195000290870667
0.8199583292007446
0.8192083239555359
0.8181666731834412
0.8185416460037231
0.8190000057220459
0.8197500109672546
0.8189583420753479
0.8193749785423279
0.8184999823570251
0.8188750147819519
0.8191249966621399
0.8187916874885559
0.8187500238418579
0.8188333511352539
0.8186666369438171
0.8190416693687439
0.8190833330154419
0.8184166550636292
0.8191249966621399
0.8184583187103271
0.8189166784286499
0.8191249966621399
0.8194583058357239
0.8194166421890259
0.8195416927337646
0.8196250200271606
0.8198333382606506
0.8194583058357239
0.8193333148956299
0.8197916746139526
0.8197500109672546
0.8196666836738586
0.8200833201408386
0.8201249837875366
0.8200416564941406
0.8201249837875366
0.8207083344459534
0.8203333616256714
0.8203333616256714
0.8204583525657654
0.8203750252723694
0.8202083110809326
0.8202916383743286
0.8205416798591614
0.8205416798591614
0.8204166889190674
0.8208749890327454
0.8199999928474426
0.8201249837875366
0.8205833435058594
0.8196666836738586
0.8209166526794434
0.8202083110809326
0.8204166889190674
0.8207916617393494
0.8201249837875366
0.8210416436195374
0.8212916851043701
0.8204166889190674
0.8206666707992554
0.8207083344459534
0.8205000162124634
0.8207083344459534
0.8202083110809326
0.8209166526794434
0.8212083578109741
0.8208749890327454
0.8209583163261414
0.8207916617393494
0.8202083110809326
0.8210416436195374
0.8207499980926514
0.8209583163261414
0.8206666707992554
0.8209166526794434
0.8206250071525574
0.8206250071525574
0.8205000162124634
0.8209583163261414
0.8209583163261414
0.8205416798591614
0.8209583163261414
0.8207499980926514
0.8203333616256714
0.8205416798591614
0.8204166889190674
0.8205000162124634
0.8199166655540466
0.8212083578109741
0.8206250071525574
0.8212916851043701
0.8206666707992554
0.8203750252723694
0.8200416564941406
0.8199999928474426
0.8195416927337646
0.8202499747276306
0.8210416436195374
0.8200833201408386
0.8197083473205566
0.8205000162124634
0.8199166655540466
0.8198750019073486
0.8198750019073486
0.8205000162124634
0.8198750019073486
0.8201249837875366
0.8195416927337646
0.8195416927337646
0.8199166655540466
0.8201666474342346
0.8200416564941406
0.8199999928474426
0.8205416798591614
0.8202499747276306
0.8207499980926514
0.8194583058357239
0.8201666474342346
0.8208749890327454
0.8199583292007446
0.8196666836738586
0.8204583525657654
0.8209999799728394
0.8208749890327454
0.8206666707992554
0.8209166526794434
0.8200833201408386
0.8202916383743286
0.8209999799728394
0.8198750019073486
0.8205000162124634
0.8208749890327454
0.8207083344459534
0.8209999799728394
0.8206250071525574
0.8206250071525574
0.8201666474342346
0.8202916383743286
0.8210416436195374
0.8200416564941406
0.8207916617393494
0.8208333253860474
0.8210416436195374
0.8211249709129333
0.8205000162124634
0.8207499980926514
0.8206666707992554
0.8207083344459534
0.8210416436195374
0.8209999799728394
0.8205833435058594
0.8213333487510681
0.8209583163261414
0.8205833435058594
0.8207916617393494
0.8209166526794434
0.8205416798591614
0.8209583163261414
0.8206666707992554
0.8207499980926514
0.8214166760444641
0.8211249709129333
0.8209583163261414
0.8214583396911621
0.8207083344459534
0.8210833072662354
0.8212500214576721
0.8212500214576721
0.8208333253860474
0.8212500214576721
0.8209166526794434
0.8210416436195374
0.8208333253860474
0.8200833201408386
