0
0.7876874804496765
0.90055251121521
0.9309391975402832
0.9506708979606628
0.9593527913093567
0.9672454595565796
0.9704025387763977
0.9711917638778687
0.9723756909370422
0.973164975643158
0.9743488430976868
0.9751381278038025
0.9751381278038025
0.9767166376113892
0.9763219952583313
0.9775059223175049
0.9775059223175049
0.9786897897720337
0.9786897897720337
0.9786897897720337
0.9786897897720337
0.9782952070236206
0.9794790744781494
0.9798737168312073
0.980663001537323
0.9790844321250916
0.9802683591842651
0.9810576438903809
0.981452226638794
0.9810576438903809
0.9810576438903809
0.980663001537323
0.9818468689918518
0.981452226638794
0.981452226638794
0.9810576438903809
0.9810576438903809
0.9822415113449097
0.9822415113449097
0.9826361536979675
0.9822415113449097
0.981452226638794
0.9826361536979675
0.981452226638794
0.9818468689918518
0.9826361536979675
0.9822415113449097
0.9818468689918518
0.9830307960510254
0.9822415113449097
0.9830307960510254
0.9830307960510254
0.9838200211524963
0.9834254384040833
0.9830307960510254
0.9834254384040833
0.9838200211524963
0.9830307960510254
0.9826361536979675
0.9830307960510254
0.9830307960510254
0.9842146635055542
0.9838200211524963
0.9850039482116699
0.9853985905647278
0.9853985905647278
0.9850039482116699
0.9857932329177856
0.9861878156661987
0.9853985905647278
0.9857932329177856
0.9865824580192566
0.9861878156661987
0.9869771003723145
0.9865824580192566
0.9865824580192566
0.9865824580192566
0.9865824580192566
0.9869771003723145
0.9873717427253723
0.9873717427253723
0.9869771003723145
0.9873717427253723
0.988161027431488
0.988161027431488
0.9873717427253723
0.9877663850784302
0.9877663850784302
0.988161027431488
0.9893448948860168
0.9897395372390747
0.9893448948860168
0.9897395372390747
0.9893448948860168
0.9905288219451904
0.9897395372390747
0.9905288219451904
0.9897395372390747
0.9905288219451904
0.9909234642982483
0.9901341795921326
0.9897395372390747
0.9905288219451904
0.9901341795921326
0.9909234642982483
0.9897395372390747
0.9901341795921326
0.9905288219451904
0.9905288219451904
0.9909234642982483
0.9909234642982483
0.9909234642982483
0.9913180470466614
0.9909234642982483
0.9909234642982483
0.9913180470466614
0.9913180470466614
0.9921073317527771
0.9917126893997192
0.9921073317527771
0.9917126893997192
0.9921073317527771
0.9917126893997192
0.9921073317527771
0.9917126893997192
0.992501974105835
0.992501974105835
0.9921073317527771
0.992501974105835
0.9917126893997192
0.9917126893997192
0.9917126893997192
0.9913180470466614
0.9905288219451904
0.9921073317527771
0.9913180470466614
0.9921073317527771
0.992501974105835
0.9921073317527771
0.992501974105835
0.9921073317527771
0.9909234642982483
0.9928966164588928
0.9917126893997192
0.9913180470466614
0.9917126893997192
0.9913180470466614
0.992501974105835
0.9921073317527771
0.9917126893997192
0.9897395372390747
0.992501974105835
0.9917126893997192
0.9921073317527771
0.9921073317527771
0.9917126893997192
0.992501974105835
0.9913180470466614
0.992501974105835
0.9909234642982483
0.9917126893997192
0.992501974105835
0.9909234642982483
0.9917126893997192
0.9917126893997192
0.9917126893997192
0.992501974105835
0.9921073317527771
0.9901341795921326
0.992501974105835
0.992501974105835
0.992501974105835
0.9917126893997192
0.992501974105835
0.992501974105835
0.992501974105835
0.992501974105835
0.992501974105835
0.9921073317527771
0.9901341795921326
0.992501974105835
0.992501974105835
0.9921073317527771
0.9917126893997192
0.9917126893997192
0.9913180470466614
0.9917126893997192
0.9917126893997192
0.9917126893997192
0.9909234642982483
0.9917126893997192
0.9917126893997192
0.9913180470466614
0.9913180470466614
0.9913180470466614
0.9909234642982483
0.9901341795921326
0.9913180470466614
0.9917126893997192
0.9897395372390747
