0
0.3922204077243805
0.6499189734458923
0.8168557286262512
0.8703403472900391
0.8881685733795166
0.8946515321731567
0.9059967398643494
0.9189627170562744
0.9238249659538269
0.9319286942481995
0.9448946714401245
0.9546191096305847
0.9562398791313171
0.9578605890274048
0.9578605890274048
0.9627228379249573
0.9627228379249573
0.9692058563232422
0.9708265662193298
0.9724473357200623
0.9724473357200623
0.9724473357200623
0.9724473357200623
0.9724473357200623
0.9756888151168823
0.9740680456161499
0.9740680456161499
0.9773095846176147
0.9821717739105225
0.9837925434112549
0.9837925434112549
0.9854133129119873
0.9821717739105225
0.9805510640144348
0.9789302945137024
0.9789302945137024
0.9805510640144348
0.9821717739105225
0.9821717739105225
0.9837925434112549
0.9837925434112549
0.9854133129119873
0.9821717739105225
0.9837925434112549
0.9837925434112549
0.9837925434112549
0.9854133129119873
0.9837925434112549
0.9854133129119873
0.9854133129119873
0.9854133129119873
0.9854133129119873
0.9854133129119873
0.9854133129119873
0.9854133129119873
0.9854133129119873
0.987034022808075
0.9854133129119873
0.9854133129119873
0.9854133129119873
0.9854133129119873
0.9854133129119873
0.9854133129119873
0.987034022808075
0.9854133129119873
0.987034022808075
0.990275502204895
0.990275502204895
0.987034022808075
0.9886547923088074
0.9886547923088074
0.9886547923088074
0.9886547923088074
0.9886547923088074
0.9886547923088074
0.9886547923088074
0.9886547923088074
0.9886547923088074
0.990275502204895
0.990275502204895
0.990275502204895
0.990275502204895
0.990275502204895
0.990275502204895
0.9918962717056274
0.9886547923088074
0.990275502204895
0.990275502204895
0.990275502204895
0.990275502204895
0.9918962717056274
0.9918962717056274
0.9918962717056274
0.9918962717056274
0.9918962717056274
0.9918962717056274
0.9935170412063599
0.9935170412063599
0.9935170412063599
0.9918962717056274
0.9918962717056274
0.9918962717056274
0.9918962717056274
0.9918962717056274
0.9918962717056274
0.9935170412063599
0.9935170412063599
0.9935170412063599
0.9918962717056274
0.9918962717056274
0.9935170412063599
0.9935170412063599
0.9918962717056274
0.9935170412063599
0.9935170412063599
0.9918962717056274
0.9935170412063599
0.9935170412063599
0.9918962717056274
0.9935170412063599
0.9935170412063599
0.990275502204895
0.9935170412063599
0.9935170412063599
0.9935170412063599
0.9918962717056274
0.9935170412063599
0.9935170412063599
0.9935170412063599
0.9935170412063599
0.9935170412063599
0.9935170412063599
0.9918962717056274
0.9935170412063599
0.9935170412063599
0.9918962717056274
0.9918962717056274
0.9935170412063599
0.9918962717056274
0.9918962717056274
0.9918962717056274
0.9918962717056274
0.9918962717056274
0.990275502204895
0.990275502204895
0.9918962717056274
0.990275502204895
0.990275502204895
0.990275502204895
0.9918962717056274
0.9918962717056274
0.9918962717056274
0.990275502204895
0.9918962717056274
0.990275502204895
0.990275502204895
0.990275502204895
0.990275502204895
0.990275502204895
0.990275502204895
0.9886547923088074
0.990275502204895
0.990275502204895
0.9886547923088074
0.990275502204895
0.9918962717056274
0.9918962717056274
0.9918962717056274
0.990275502204895
0.990275502204895
0.9918962717056274
0.9918962717056274
0.990275502204895
0.9918962717056274
0.9918962717056274
0.990275502204895
0.9918962717056274
0.9918962717056274
0.9918962717056274
0.990275502204895
0.9918962717056274
0.9935170412063599
0.9935170412063599
0.990275502204895
0.9918962717056274
0.9935170412063599
0.9918962717056274
0.9935170412063599
0.9918962717056274
0.9918962717056274
0.9935170412063599
0.9918962717056274
0.9951377511024475
0.9935170412063599
0.9935170412063599
0.9918962717056274
0.9935170412063599
0.9918962717056274
0.9935170412063599
0.9935170412063599
